$ANSIBLE_VAULT;1.1;AES256
33646662373437356139306336386635393364306330376165633165303234323532363265383938
3762633336666333383236306439613739666264366236610a336438316439303935633138643839
65353539643766326330326232666432636363373061633463333034383062346366333432376164
3334376264613266640a656338313962386164656162326261326530316239336430613164643031
39623035663135396332393132363836643563313630316165633236663564346164613164303333
66623336623835363736373838363631623837323463396565613235653161323634656531343763
63303732383130633536343434373533363436613533316536633361636366633466633235326662
36366130646234373439613730303162636531336364343834373732373232333737356135623361
35633030363135643237366664386339646335626265323835323266623664326635323135393563
61303633356636353464636538643764383639316663313766393134396531613461653833646264
65313239356566353061383736343837346535333435336138646531643733383632363830633461
64316430346337386136613464656365393237646637666338326362613362386531643839383963
35343839303862376438646363653261353862616336343234393431613362353638363537633238
66303164643535386633366261633962623165366463656663323437333733373663393633613335
62373234336235343838386138383235616237613364316430323463653764643432346261373933
64326338613061623963333465333036613833333861326536343430336362623839616263306163
34336130636265316263616266623666333838393833663131323436363733366338663963616139
34343863613934353063623965363736656261323763366566373632393565343363613238653430
61303364613666363366323065376133366236646434386438336330386363393235623561643532
64313432363135666439643836373230323731653231663530643636633031663633633066373665
35383337333730633961303533313432333237366361303166623037366562393237323330396661
38656263646438663233383139383066623739633332333265666530326439366130353938643865
37373263396161363933306632343265303031646537303936383037393164313261383532666462
65306537373066643061643564376661393335613033623036353231323763343233356137363037
38656661633831643666653830393336343238333963663333363461653066386439326435386563
34323561373765613732633863613639316539623837643138306337353632323932353532303366
39323934653363353662303633613866373238633862333534613861646465316635333463343738
32383131646534363730343237653462633466356638333831303131623534316631353866373939
36393830316165386463306166366530333636333431373638346233376161336163393235336235
62316666336462306161653638326632306438643061623331656639613166633061616464383963
38643262333533336134396632623633353933363066326431633262393739363734613766396634
36363063313732303439626362393834396361366362363362393566376364343236623839343439
35303737666635306134656335326264363662353363653338616230373066656166333562313432
32653664343834383064386234633534653937333733356165313364353561333036366235306134
31363963666462636638633463316562323337333166626339333038313334653964363634326365
63646265633738663862386662363864313735663765303766613061623532383533333163303166
64633237653339336435336664323864653633313361313864353862346335353837346534323933
66346638376261623764613038373364333164333961383035623761323533653738633637633335
39623133613235633765316138613539613566326435643638636632313636303330303363313331
61623039616532313835323261393334336361343663643765653835646536396631663763656430
35386637326266336436333937663561323565666634336361313637336365373536343438313334
63303832623139636465333462643638326138633331373735373764383630633664646562353932
33313233653938373666303532306235643833646565383539323430376638623330393865306138
32623031646261386265643032303965343063343766613732653333346433633263316565623665
63316439653632353335643834393664393262363239306431366230613965653361303434373933
64653065306535356639346135316137393064306235326662663565363266336139363036353032
38343061653930666636326435303761633737376637346361343937323162623264636135303166
38643530353239636334343030636362356438363364646631386365336138653935336536616230
61623533623763393933636331663734643766386333636635323731396464643831393837303066
62376564383735316565626335656330303962643031653338623862646534613539366337623132
63623161373265306535353933396461353361316566626361373738306131303463386635393664
33363636386532323135306266646431663536383564303038653630376633643461663433383333
63643337373933353736326538663334613861313234643661386235653131613136303237633665
37646132666538323262633635623239373965356264346333646234383730313038373338386566
33376536306239653135326231666135383463373463363733323637363631373362366361633535
38653932313166626330333232636535336165393862376562356136616638663634383633306263
32663962346438386539663661663061313730346361653433343561623939303438323838336363
62393766373338376231636666336362343635393633316231653339323232396631313063323534
35636431353137366131383961643735383035323938633834366461373365633238363931346239
32346664366664363239643238316331613435363531353264393532313764653833646332383832
34633834323134336330373130613335633764383339633236613064643362323763663232643634
39376634363238326561646463636134636334356436663964316362383135303430623830383634
33396663313862353932316631643030313132653435306264633439626231303836363637663737
34343138633231313137386431636639373339623235633737363734363035363030393831333261
61353563636664386562353431353364316261653039646536323062313839366665646165633666
33366362623837653633646665656633346138376437303531646562356531653134613662666137
63656533396236363365616630366466613161613431336634363664373237336635363236326235
35366534626466643565653561343034303062306438366539316530383536626437306637643830
37386264376566366139666661396564636434663762346462396165616538323562636132613864
33623162363765666237646632366665623335316436323335643565626132613066323235373532
65396332383134386132303030303939333432316635616563356262646435663036656265343563
36373236323861646461303433636264333163333839323233396537353737333137613932366565
33316531316463613536623732363633363664373566356634333935336461643461323030333531
35303432356535353231353632613166366464393362643138346332643035386163363266613836
63666235616236623362383236356337366238333963303232386131323861663837393063633831
34303238613433343066656562383863323136623439633133306232643234333833646230343436
32623262633966613363343734636233643037333533613131303431623634306362646463306563
64326535613863326464313836343636373964303666343539306561663264613466656466666532
61383038306663313733306562663730656662343265363665356163386530363732333165316566
36313333343362383864393266303438366364386261393233623131326536616239663335663061
39626430373737653937386461653235303433646433656466326239383132363835336439363834
33643030613636356161333030373164393961393764366464353061303363383864636163313436
35373763376364643633656665386139376464373636396566396432306663613265663663646430
38373361333938616133613234653765316163643164333930613530373935646164343931313738
66346562326230306436653433636361386265396462623961383236376164393335643432666162
36313831363233333861373363386333373866323032373833613732333239353331376636393163
37393764633135396531336133663833633837346239313561373061316136353966346637653461
63353662666535663032653435323333633035643862616363653432343033333037393537663534
32383163613263636138346136616337383330646138626430623031663030356333313338333663
32333033346362623336373538653836656138393337353666353065316436666632633530393866
37323634363036623638326533306432303164303937303037663862333431633638313038306238
37663961393034373332386365306235346137626332663766626231386238626265636135633961
36303930383364653334326331306666336130653163616130643934323432393138616338323866
66316239363837316231323338313366626333383433643237363631653939626438656463646566
34303737383930396632326239326532653835646533623233633061386563396164613632316439
39646334653834313434393036663830353531363036306639326231303561386464613039613366
31323838343030306166626666393134313266323264646236373238366666333337393633613262
61353266383531366537323637663436663536383063326531616536353330653937363361303339
35633236666338623961313066326334663263626262373337373238643933666632643564363431
62643261636234323135316365666433303065376632326430303161386330336265616462323338
31336538646666343962323930373432306333333064343061356137616463393337313466646134
66366664393833643730383665643033316236326236363437656538316562333161653139356434
35616561616164313031613331386562343836346533303464613734623235326564623365323164
66663633383538323132366163333939663035313839373332393236376438326132653932613237
35363438346536623761353536373233643631656637663765623537643030333765326438643737
33643832656636656438393361623261666233646364376231643637376536636137333135396365
63663230303632336234376435363462373661623164636663626463613139633934623663366365
31616363626363313366613134363163653965343964656230663539333465323638333866313134
62306232376465383932316438666138336132316461623830383062393633353731626162623565
34653330663337633939663865353566386139336630646638653764633963346136663536656336
63643733333161323731613161346665306666363764323733643361386637356636366234336462
38653033633166333038303837333839303639626163396663356364386638393438646133636237
62633238333666366461646563616130643439616262346435623033386564646364393530326364
31613338393733316132383362303638616335663266303737343666636637663234346533623661
36306439313064363137663466616639353963343531376264303739373965346135386239626463
32303431373138386363343364616139623864633838306565333138656534363931613866326362
34326431393638663938393436366236313030336663373330363330396561313136636362393436
61616262663538383136613964643133623166386535363262616330336230643636636637663261
34393933333261643166343836303463636136666630333435646337323364666266326462326465
64643264343562643235323338386434663034343065333738616331383364636336643236646338
35613637363333313538643761313830313231306438383033616234393564313538623139303863
65356565336464643234363931663538326661383535386632313532353334313631383339663833
63313534643365666462643264643136336339356461343561386437663263353163343964613334
62366632326166626663343430306363396630373231653630633631346135623465626462346333
30363963323634666466663839303066336334333162353366643865663635646264303630653763
61623638616530633561303563353732396463623930373632323765656233316666376233336333
31356466666637323831633138633439323430346262363166333265653632306439383364393635
37623132653033663837633230666366633663303434626664313930643365373039643737383235
34633235363532643461313439633834653663646266393131336462343532653463653563636662
39353032353833373338373364623536626138353265336436323362383436316134346539336335
64393063613761393031356136333366343739373366613162346530396562623638373936623463
35316562303066393037343666326364356234646532646539386536633733333736396436316462
62383038623661363563663132336537346233636466373334613665306461383561623830366530
63633531363037383461333938323336313063623533643765313938373263636666373636353231
66633530643465613763346137663835333331373135326465333131633435373065653364646139
38396566656565643136383931653562666663393538376665666431666234663263336361343030
66646432636236313762336339356437623636306663333462346636663731363735663961313831
65303662316263313637633837393735663832333165623131666464653462313162643033396561
38396362663737383838326365366161376166343039613230323531313939383736316338353732
65353861376364626437373637623538303665613735646633666262386638313330313466323432
61313538333732316238303863373834343465363762383937653364323832623139613733376230
34313564396365643034323830356334336263666261393630393331613230376665343835396261
34323836303261623362666631346131323366653765333239333665356430313131316364343065
39326330393632653635646461343863303366633637346431313266636661303837623339623134
32636462346533323732633436663465383734623838333230313336353438346433323430383539
30323934333734306435303833363566343963393037366365623939636137383562336436336531
66353266613061303362316139366564626261323664363938383632363761646437313764376633
64336137643035626164643266326263666534663630623535653266346536373565316630323034
64383530623763356137393739383966663336373861653961346139356632356632656533386130
39303065353333326432633932383965373630656665663934633733613462393530623038623032
33376630633339653335393564383230306537613838633662623231363366656565646163666637
38646438303065363437663766396535316637646537353635306236343535316163346463393233
61356461366166383233353166323736663233383261396539346162646262626434386364306135
36633331373434636666306639373164616261323162346464336336343866326438326536313331
30653761376635363732616432646234386237346433393931333834616563666339376532343335
65626230383334623930343166303530656536373631363738313466313439333961393532656438
32336238336161303964363235626132326261323334306233616165616465343338353061633439
36343436313263613434663930323537336664313435343832376565353136366137646438653232
32356539393233393864323838643366326430376464616139623965656666663133636232626637
61643334613563366132396233306564303438323239333333383831633335613936613236346533
64323561623432356236376139326334633133383238333739643937306132333136363437376465
62343333343435623836346130363962396365306433666663373833313536643234396238373863
33643536376539646430393935363333303764646236373733373837633062343832613838656332
35666633336436626365336261646231613064363532383730636565363038643539323332373838
38666231653964613836646561303536333732643561363162636435653962373733353435306464
39316366323738393238326234623765346136316463336364633264666537373666363935646639
32636531663139626236326437336436343030343161373537356533353736663534643035383538
31633865366230336630633332343331366365346430386135656563343964613366653063376636
64333635633334653934373136303261643437616133383630383535623531663264303832623662
65346633313664653231383138356464353162396263326536306361373538383137633633353438
64666238363630303837373863313230396430333639366234333566346636333036613364613764
31373561393531643863393936623232306266643034613338343831363034326238313562333436
39653165626465386365663466633739613432623466343733316536343163666430
